Values : 1 2 2 1 1 2 1 2 1 1 2 1 1 1 1 1 1 1 1 1 
Mean = 1.4 Standard Deviation = 0.5163977794943223
Values : 1 2 2 1 1 2 1 2 1 1 2 1 1 1 1 1 1 1 1 1 1 1 1 1 2 1 1 1 2 2 
Mean = 1.25 Standard Deviation = 0.4442616583193193
Values : 1 2 2 1 1 2 1 2 1 1 2 1 1 1 1 1 1 1 1 1 1 1 1 1 2 1 1 1 2 2 2 2 2 2 1 1 2 1 2 1 
Mean = 1.2666666666666666 Standard Deviation = 0.44977644510880366
Values : 1 2 2 1 1 2 1 2 1 1 2 1 1 1 1 1 1 1 1 1 1 1 1 1 2 1 1 1 2 2 2 2 2 2 1 1 2 1 2 1 2 2 1 2 2 1 2 1 1 2 
Mean = 1.35 Standard Deviation = 0.483045891539648
Values : 1 2 2 1 1 2 1 2 1 1 2 1 1 1 1 1 1 1 1 1 1 1 1 1 2 1 1 1 2 2 2 2 2 2 1 1 2 1 2 1 2 2 1 2 2 1 2 1 1 2 1 1 1 2 2 2 1 1 2 2 
Mean = 1.4 Standard Deviation = 0.49487165930539356
Values : 1 2 2 1 1 2 1 2 1 1 2 1 1 1 1 1 1 1 1 1 1 1 1 1 2 1 1 1 2 2 2 2 2 2 1 1 2 1 2 1 2 2 1 2 2 1 2 1 1 2 1 1 1 2 2 2 1 1 2 2 1 1 1 1 1 2 2 2 2 2 
Mean = 1.4166666666666665 Standard Deviation = 0.49716711601124414
Values : 1 2 2 1 1 2 1 2 1 1 2 1 1 1 1 1 1 1 1 1 1 1 1 1 2 1 1 1 2 2 2 2 2 2 1 1 2 1 2 1 2 2 1 2 2 1 2 1 1 2 1 1 1 2 2 2 1 1 2 2 1 1 1 1 1 2 2 2 2 2 1 1 2 1 1 1 1 1 2 2 
Mean = 1.4285714285714284 Standard Deviation = 0.4984447862792267
Values : 1 2 2 1 1 2 1 2 1 1 2 1 1 1 1 1 1 1 1 1 1 1 1 1 2 1 1 1 2 2 2 2 2 2 1 1 2 1 2 1 2 2 1 2 2 1 2 1 1 2 1 1 1 2 2 2 1 1 2 2 1 1 1 1 1 2 2 2 2 2 1 1 2 1 1 1 1 1 2 2 1 2 2 1 2 1 1 2 1 2 
Mean = 1.4125 Standard Deviation = 0.4953901416106939
Values : 1 2 2 1 1 2 1 2 1 1 2 1 1 1 1 1 1 1 1 1 1 1 1 1 2 1 1 1 2 2 2 2 2 2 1 1 2 1 2 1 2 2 1 2 2 1 2 1 1 2 1 1 1 2 2 2 1 1 2 2 1 1 1 1 1 2 2 2 2 2 1 1 2 1 1 1 1 1 2 2 1 2 2 1 2 1 1 2 1 2 2 1 2 2 1 1 1 1 1 1 
Mean = 1.422222222222222 Standard Deviation = 0.4966806171531963
Values : 1 2 2 1 1 2 1 2 1 1 2 1 1 1 1 1 1 1 1 1 1 1 1 1 2 1 1 1 2 2 2 2 2 2 1 1 2 1 2 1 2 2 1 2 2 1 2 1 1 2 1 1 1 2 2 2 1 1 2 2 1 1 1 1 1 2 2 2 2 2 1 1 2 1 1 1 1 1 2 2 1 2 2 1 2 1 1 2 1 2 2 1 2 2 1 1 1 1 1 1 1 1 1 2 1 2 2 1 1 1 
Mean = 1.41 Standard Deviation = 0.49431107042371025
Values : 2 2 2 2 2 2 2 2 2 2 2 2 2 2 2 2 2 2 2 2 
Mean = 2.0 Standard Deviation = 0.0
Values : 2 2 2 2 2 2 2 2 2 2 2 2 2 2 2 2 2 2 2 2 2 2 2 2 2 2 2 2 2 2 
Mean = 2.0 Standard Deviation = 0.0
Values : 2 2 2 2 2 2 2 2 2 2 2 2 2 2 2 2 2 2 2 2 2 2 2 2 2 2 2 2 2 2 2 2 2 2 2 2 2 2 2 2 
Mean = 2.0 Standard Deviation = 0.0
Values : 2 2 2 2 2 2 2 2 2 2 2 2 2 2 2 2 2 2 2 2 2 2 2 2 2 2 2 2 2 2 2 2 2 2 2 2 2 2 2 2 2 2 2 2 2 2 2 2 2 2 
Mean = 2.0 Standard Deviation = 0.0
Values : 2 2 2 2 2 2 2 2 2 2 2 2 2 2 2 2 2 2 2 2 2 2 2 2 2 2 2 2 2 2 2 2 2 2 2 2 2 2 2 2 2 2 2 2 2 2 2 2 2 2 2 2 2 2 2 2 2 2 2 2 
Mean = 2.0 Standard Deviation = 0.0
Values : 2 2 2 2 2 2 2 2 2 2 2 2 2 2 2 2 2 2 2 2 2 2 2 2 2 2 2 2 2 2 2 2 2 2 2 2 2 2 2 2 2 2 2 2 2 2 2 2 2 2 2 2 2 2 2 2 2 2 2 2 2 2 2 2 2 2 2 2 2 2 
Mean = 2.0 Standard Deviation = 0.0
Values : 2 2 2 2 2 2 2 2 2 2 2 2 2 2 2 2 2 2 2 2 2 2 2 2 2 2 2 2 2 2 2 2 2 2 2 2 2 2 2 2 2 2 2 2 2 2 2 2 2 2 2 2 2 2 2 2 2 2 2 2 2 2 2 2 2 2 2 2 2 2 2 2 2 2 2 2 2 2 2 2 
Mean = 2.0 Standard Deviation = 0.0
Values : 2 2 2 2 2 2 2 2 2 2 2 2 2 2 2 2 2 2 2 2 2 2 2 2 2 2 2 2 2 2 2 2 2 2 2 2 2 2 2 2 2 2 2 2 2 2 2 2 2 2 2 2 2 2 2 2 2 2 2 2 2 2 2 2 2 2 2 2 2 2 2 2 2 2 2 2 2 2 2 2 2 2 2 2 2 2 2 2 2 2 
Mean = 2.0 Standard Deviation = 0.0
Values : 2 2 2 2 2 2 2 2 2 2 2 2 2 2 2 2 2 2 2 2 2 2 2 2 2 2 2 2 2 2 2 2 2 2 2 2 2 2 2 2 2 2 2 2 2 2 2 2 2 2 2 2 2 2 2 2 2 2 2 2 2 2 2 2 2 2 2 2 2 2 2 2 2 2 2 2 2 2 2 2 2 2 2 2 2 2 2 2 2 2 2 2 2 2 2 2 2 2 2 2 
Mean = 2.0 Standard Deviation = 0.0
Values : 2 2 2 2 2 2 2 2 2 2 2 2 2 2 2 2 2 2 2 2 2 2 2 2 2 2 2 2 2 2 2 2 2 2 2 2 2 2 2 2 2 2 2 2 2 2 2 2 2 2 2 2 2 2 2 2 2 2 2 2 2 2 2 2 2 2 2 2 2 2 2 2 2 2 2 2 2 2 2 2 2 2 2 2 2 2 2 2 2 2 2 2 2 2 2 2 2 2 2 2 2 2 2 2 2 2 2 2 2 2 
Mean = 2.0 Standard Deviation = 0.0
Illegal Entries i1 : 4 and i2 : 2
Illegal Entries i1 : -2 and i2 : 2
Values : 1 1 1 1 1 1 1 1 1 1 1 1 1 1 1 1 1 1 1 1 
Mean = 1.0 Standard Deviation = 0.0
Values : 1 1 1 1 1 1 1 1 1 1 1 1 1 1 1 1 1 1 1 1 1 1 1 1 1 1 1 1 1 1 
Mean = 1.0 Standard Deviation = 0.0
Values : 1 1 1 1 1 1 1 1 1 1 1 1 1 1 1 1 1 1 1 1 1 1 1 1 1 1 1 1 1 1 1 1 1 1 1 1 1 1 1 1 
Mean = 1.0 Standard Deviation = 0.0
Values : 1 1 1 1 1 1 1 1 1 1 1 1 1 1 1 1 1 1 1 1 1 1 1 1 1 1 1 1 1 1 1 1 1 1 1 1 1 1 1 1 1 1 1 1 1 1 1 1 1 1 
Mean = 1.0 Standard Deviation = 0.0
Values : 1 1 1 1 1 1 1 1 1 1 1 1 1 1 1 1 1 1 1 1 1 1 1 1 1 1 1 1 1 1 1 1 1 1 1 1 1 1 1 1 1 1 1 1 1 1 1 1 1 1 1 1 1 1 1 1 1 1 1 1 
Mean = 1.0 Standard Deviation = 0.0
Values : 1 1 1 1 1 1 1 1 1 1 1 1 1 1 1 1 1 1 1 1 1 1 1 1 1 1 1 1 1 1 1 1 1 1 1 1 1 1 1 1 1 1 1 1 1 1 1 1 1 1 1 1 1 1 1 1 1 1 1 1 1 1 1 1 1 1 1 1 1 1 
Mean = 1.0 Standard Deviation = 0.0
Values : 1 1 1 1 1 1 1 1 1 1 1 1 1 1 1 1 1 1 1 1 1 1 1 1 1 1 1 1 1 1 1 1 1 1 1 1 1 1 1 1 1 1 1 1 1 1 1 1 1 1 1 1 1 1 1 1 1 1 1 1 1 1 1 1 1 1 1 1 1 1 1 1 1 1 1 1 1 1 1 1 
Mean = 1.0 Standard Deviation = 0.0
Values : 1 1 1 1 1 1 1 1 1 1 1 1 1 1 1 1 1 1 1 1 1 1 1 1 1 1 1 1 1 1 1 1 1 1 1 1 1 1 1 1 1 1 1 1 1 1 1 1 1 1 1 1 1 1 1 1 1 1 1 1 1 1 1 1 1 1 1 1 1 1 1 1 1 1 1 1 1 1 1 1 1 1 1 1 1 1 1 1 1 1 
Mean = 1.0 Standard Deviation = 0.0
Values : 1 1 1 1 1 1 1 1 1 1 1 1 1 1 1 1 1 1 1 1 1 1 1 1 1 1 1 1 1 1 1 1 1 1 1 1 1 1 1 1 1 1 1 1 1 1 1 1 1 1 1 1 1 1 1 1 1 1 1 1 1 1 1 1 1 1 1 1 1 1 1 1 1 1 1 1 1 1 1 1 1 1 1 1 1 1 1 1 1 1 1 1 1 1 1 1 1 1 1 1 
Mean = 1.0 Standard Deviation = 0.0
Values : 1 1 1 1 1 1 1 1 1 1 1 1 1 1 1 1 1 1 1 1 1 1 1 1 1 1 1 1 1 1 1 1 1 1 1 1 1 1 1 1 1 1 1 1 1 1 1 1 1 1 1 1 1 1 1 1 1 1 1 1 1 1 1 1 1 1 1 1 1 1 1 1 1 1 1 1 1 1 1 1 1 1 1 1 1 1 1 1 1 1 1 1 1 1 1 1 1 1 1 1 1 1 1 1 1 1 1 1 1 1 
Mean = 1.0 Standard Deviation = 0.0
Values : 5 2 10 1 8 8 8 9 3 1 7 10 3 8 3 2 2 6 1 10 
Mean = 5.5 Standard Deviation = 3.5039660069381067
Values : 5 2 10 1 8 8 8 9 3 1 7 10 3 8 3 2 2 6 1 10 3 8 3 4 4 7 6 7 9 9 
Mean = 5.35 Standard Deviation = 3.375998877525381
Values : 5 2 10 1 8 8 8 9 3 1 7 10 3 8 3 2 2 6 1 10 3 8 3 4 4 7 6 7 9 9 5 5 3 7 6 8 8 8 9 5 
Mean = 5.566666666666666 Standard Deviation = 3.0477049967354835
Values : 5 2 10 1 8 8 8 9 3 1 7 10 3 8 3 2 2 6 1 10 3 8 3 4 4 7 6 7 9 9 5 5 3 7 6 8 8 8 9 5 9 1 7 5 4 6 6 6 5 10 
Mean = 5.775 Standard Deviation = 2.805557671150933
Values : 5 2 10 1 8 8 8 9 3 1 7 10 3 8 3 2 2 6 1 10 3 8 3 4 4 7 6 7 9 9 5 5 3 7 6 8 8 8 9 5 9 1 7 5 4 6 6 6 5 10 4 10 6 10 3 9 9 6 7 3 
Mean = 5.8 Standard Deviation = 2.7255405754769875
Values : 5 2 10 1 8 8 8 9 3 1 7 10 3 8 3 2 2 6 1 10 3 8 3 4 4 7 6 7 9 9 5 5 3 7 6 8 8 8 9 5 9 1 7 5 4 6 6 6 5 10 4 10 6 10 3 9 9 6 7 3 8 9 5 2 1 7 4 5 1 7 
Mean = 5.95 Standard Deviation = 2.7272945556394044
Values : 5 2 10 1 8 8 8 9 3 1 7 10 3 8 3 2 2 6 1 10 3 8 3 4 4 7 6 7 9 9 5 5 3 7 6 8 8 8 9 5 9 1 7 5 4 6 6 6 5 10 4 10 6 10 3 9 9 6 7 3 8 9 5 2 1 7 4 5 1 7 10 7 6 7 6 7 7 2 7 3 
Mean = 5.8 Standard Deviation = 2.753653699297022
Values : 5 2 10 1 8 8 8 9 3 1 7 10 3 8 3 2 2 6 1 10 3 8 3 4 4 7 6 7 9 9 5 5 3 7 6 8 8 8 9 5 9 1 7 5 4 6 6 6 5 10 4 10 6 10 3 9 9 6 7 3 8 9 5 2 1 7 4 5 1 7 10 7 6 7 6 7 7 2 7 3 8 3 2 5 4 9 4 9 2 5 
Mean = 5.85 Standard Deviation = 2.686581753639249
Values : 5 2 10 1 8 8 8 9 3 1 7 10 3 8 3 2 2 6 1 10 3 8 3 4 4 7 6 7 9 9 5 5 3 7 6 8 8 8 9 5 9 1 7 5 4 6 6 6 5 10 4 10 6 10 3 9 9 6 7 3 8 9 5 2 1 7 4 5 1 7 10 7 6 7 6 7 7 2 7 3 8 3 2 5 4 9 4 9 2 5 1 7 3 7 9 4 3 9 7 5 
Mean = 5.766666666666667 Standard Deviation = 2.681815584908977
Values : 5 2 10 1 8 8 8 9 3 1 7 10 3 8 3 2 2 6 1 10 3 8 3 4 4 7 6 7 9 9 5 5 3 7 6 8 8 8 9 5 9 1 7 5 4 6 6 6 5 10 4 10 6 10 3 9 9 6 7 3 8 9 5 2 1 7 4 5 1 7 10 7 6 7 6 7 7 2 7 3 8 3 2 5 4 9 4 9 2 5 1 7 3 7 9 4 3 9 7 5 3 9 4 8 7 3 6 7 3 3 
Mean = 5.74 Standard Deviation = 2.6727959861984196
Values : 23 22 17 86 92 47 97 10 55 25 65 12 10 5 8 87 39 10 87 60 
Mean = 47.4 Standard Deviation = 33.437171597556585
Values : 23 22 17 86 92 47 97 10 55 25 65 12 10 5 8 87 39 10 87 60 23 29 82 84 46 30 9 30 18 47 
Mean = 42.85 Standard Deviation = 33.02674354933716
Values : 23 22 17 86 92 47 97 10 55 25 65 12 10 5 8 87 39 10 87 60 23 29 82 84 46 30 9 30 18 47 81 94 90 56 18 97 39 59 39 6 
Mean = 41.833333333333336 Standard Deviation = 30.30088576528613
Values : 23 22 17 86 92 47 97 10 55 25 65 12 10 5 8 87 39 10 87 60 23 29 82 84 46 30 9 30 18 47 81 94 90 56 18 97 39 59 39 6 16 74 59 85 82 18 83 3 22 81 
Mean = 45.85 Standard Deviation = 31.19956442825477
Values : 23 22 17 86 92 47 97 10 55 25 65 12 10 5 8 87 39 10 87 60 23 29 82 84 46 30 9 30 18 47 81 94 90 56 18 97 39 59 39 6 16 74 59 85 82 18 83 3 22 81 42 87 18 15 5 58 59 95 11 48 
Mean = 47.14 Standard Deviation = 31.41948569968409
Values : 23 22 17 86 92 47 97 10 55 25 65 12 10 5 8 87 39 10 87 60 23 29 82 84 46 30 9 30 18 47 81 94 90 56 18 97 39 59 39 6 16 74 59 85 82 18 83 3 22 81 42 87 18 15 5 58 59 95 11 48 87 79 88 30 27 24 67 81 87 92 
Mean = 46.58333333333333 Standard Deviation = 31.213475830902393
Values : 23 22 17 86 92 47 97 10 55 25 65 12 10 5 8 87 39 10 87 60 23 29 82 84 46 30 9 30 18 47 81 94 90 56 18 97 39 59 39 6 16 74 59 85 82 18 83 3 22 81 42 87 18 15 5 58 59 95 11 48 87 79 88 30 27 24 67 81 87 92 71 55 80 35 42 12 31 54 20 3 
Mean = 49.38571428571428 Standard Deviation = 31.346262915342297
Values : 23 22 17 86 92 47 97 10 55 25 65 12 10 5 8 87 39 10 87 60 23 29 82 84 46 30 9 30 18 47 81 94 90 56 18 97 39 59 39 6 16 74 59 85 82 18 83 3 22 81 42 87 18 15 5 58 59 95 11 48 87 79 88 30 27 24 67 81 87 92 71 55 80 35 42 12 31 54 20 3 74 58 3 97 77 40 42 9 17 12 
Mean = 48.25 Standard Deviation = 30.639802028642915
Values : 23 22 17 86 92 47 97 10 55 25 65 12 10 5 8 87 39 10 87 60 23 29 82 84 46 30 9 30 18 47 81 94 90 56 18 97 39 59 39 6 16 74 59 85 82 18 83 3 22 81 42 87 18 15 5 58 59 95 11 48 87 79 88 30 27 24 67 81 87 92 71 55 80 35 42 12 31 54 20 3 74 58 3 97 77 40 42 9 17 12 39 51 5 64 79 45 24 37 45 46 
Mean = 47.65555555555555 Standard Deviation = 30.736342033462638
Values : 23 22 17 86 92 47 97 10 55 25 65 12 10 5 8 87 39 10 87 60 23 29 82 84 46 30 9 30 18 47 81 94 90 56 18 97 39 59 39 6 16 74 59 85 82 18 83 3 22 81 42 87 18 15 5 58 59 95 11 48 87 79 88 30 27 24 67 81 87 92 71 55 80 35 42 12 31 54 20 3 74 58 3 97 77 40 42 9 17 12 39 51 5 64 79 45 24 37 45 46 26 19 12 75 49 87 2 84 99 58 
Mean = 47.239999999999995 Standard Deviation = 29.798691585403876
